CAPITAL INTE OPERA 8% 21.5 21.2712 21 35
Plas.
STONES Dinero 2 22.40 399 3975 5996 -> 41.90 41.15 4125 300 €*
• 100.
5066 D 100 5896>
9950 500 6 508 93.
#375 99 3500 151.75 149.75 150.25
DESENDER 500 76%
• 168.
350 Todo.
50025>>
509 262 50 13.50 503 D 1250 475 151.
586 B 286.
67 92 90 92. 9275 875 19050 =
75.50 ges_60 71 500 Todo.
114 .
175
BOO 509 2 129.
500 309 2 556 apital. Ju 859 6%
5006>>>
5006>
5906>
100.
95 9550 105.
11%.
506>>>
62.
613 62.50 475 3 65.50 500 105.
500 10050 175 8.
69.75 8086 90.
876&>>
31.
61 526 3 34 15 50 3096 ->>
93.
508 443 3 "
5173 500 8 
