Servicio particular del DIARIO DE BARCELONA
POR TELEGRAFO Y TELEFONO
Madrid, viernes, 10 de septiembre (12).-En el sorteo de la Lotería verificado hoy en  Madrid han  sido agraciados los números siguientes:
Con el premio mayor, de 250.000 pesetas, el número 7.055, vendido en Barcelona .
Con el segundo premio, de 100.000 pesetas, el número 6.036, despachado en San  Sebastian.
Con el tercer premio, de 60.000 pesetas, el número 8.916, expendido en Coruña.
Y con 6.000 pesetas los números: 15.600, 16.751, 7.725, 7.823, 12.252, 5.007, 16.981 , 6.225,  15.602, 4.079, 16.213 (Barcelona), 38.010, 13.055 (Barcelona), 9.038 (Barcelona), 17.082 , 14.811 (Barcelona), 3.775 y 17.874.
PREMIADOS CON 800 PESETAS. K
Decena 64 55 57 82 12 451 427 749 205 839 920 275 775 431 753 633 458 732 165 965 119
Centena 867 240 751 537 847 345 321 627 854 459 456 781 104 217 421 179 158 385 635 532 629 249 814 886 516 477
Mil 593 258 160 043 368 478 937 827 362 667 694 567 952 075 150 048 148 696 755 361 110 705 474 029 795 550 443 058 006 677 678 071 382 268 055 816 681 125 234 301 248 094 835 520 869 457 237 421 739 953 696 514 707 113 368
Dos mil 475 685 639 951 306 001 891 682 005 785 309 689 247 099 321 407 375 931 754 718 593 652 434 715 750 183 123 128 510 793 730 194 673 965
Tres mil 629 191 371 711 056 134 856 498 570 902 538 491 896 955 228 946 720 769 29e 146 490 335 848 414 244 552 633 297 939 282 868 573 386 413  648 072 831 665 912
Cuatro mil 270 991 097 802 089 797 255 158 742 034 473 874 658 933 362 846 253 767  117 635 198 204 268 377 262 643 072 129 027 052 578 673 475 692  118 436 056 463 367 701 258 212 840 249 791 482 676 163 346 799 932 988 063 838 710 480 817 582 456 159 916 295 026 056 365 302 724 167
Cinco mil 643 450 555 344 738 980 115 411 780 832 948 971 251 410 688 905 468 466
Sels mil 004 680 990 487 718 731 801 761 940 784 386 147 973 310 416 900 219 905 755 928 823 138 146 115 639 957 307 441 988 129 805 169 425 599 752 287 532 662 168 470 826 911 576 657 179 007 943 
