Lista de los números premiados el dia 7 de octubre.
BOYLONY t
PREMIOS MAYORES.
6560. . 500,000 pesetas. | 3205. . 100,000 pesetas. | 2090. 25,000 pesetas.
612. 250,000 pesetas. 3532. 50,000 pesetas. |
Con 5,000 pesetas.
231, 950, 1018, 1230, 1479, 1623, 1740, 1827, 1982, 1995, 2025, 2189, 2884, 3305, 3316, 3749, 4026, 39, 4440, 4672, 4725, 4797, 5064, 5119, 5124, 5333, 5364, 5907, 5948, 6187, 6398, 6727, 7410, 7529, 33, 7873, 8382, 9271, 9275, 9931.
Con 1,500 pesetas.
ent. 720 1215 1880 2510 3329 3902 4572 5384 5883 6647 7317 7802 8421 9180 724 1238 1888 2568 3337 3910 4594 5394 5887 6740 7335 7847 8423 9189 17 784 1257 1937 2632 3340 3911 4677 5399 5894 6816 7382 7907 8435 9283 30 788 1313 1945 2737 3343 3917 4759 5416 5929 6821 7389 7914 8477 9236 52 800 1340 1974 2738 3365 3930 4769 5473 5912 6830 7393 7945 8480 9281 56 821 1419 1999 2778 3372 3941 4781 5479 6831 7401 7956 8490 9295 65 835 1429 74 902 1431 2 Mil 2792 3404 3950 4810 5490 2790 3389 3949 4789 5480 6 Mil 6853 7405 7983 8517 9326 6871 7479 7989 8534 9328 88 916 916  14832809 3440 3992 4815 5506 6002 6916 7484 7993 8584 9363 4853 5524 6046 6943 7488 7995 8598 9368 103 937 1525 2021 2834 3493 4 Mil 4890 5536 6055 6948 7495 8606 9390 95 933 1508 2019 2827 3490 110 942 1532 2024 2901 3494 4906 5576 6112 6954 7527 8 Mil 8628 9463 135 944 1588 2032 2919 3501 4040 4939 5577 6120 6967 7547 8677 9470 139 956 1593 2095 2949 3522 4153 4951 5580 6142 6988 7549 8004 8684 9488 168 978 1596 2129 2977 3535 4179 5604 6228 15 7559 8007 8721 9496 175 992 1597 2169 3591 4191 5 Mil 5606 6255 7 Mil 7560 8058 8754 9544 251 3600 4217 
5616 6263 7573 8079 8867 9601 1611 2188 273 Mil. 1628 2204 3 Mil 3614 4221 5038 5625 6267 7001 7627 8094 8876 9605 277 1638 2230 
3634 4245 5042 5666 6291 7026 7628 8143 8900 9622 299 1020 1690 2278 3029 3716 4281 5096 5671 6319 7028 7669 8170 8987 9632 304 1037 1709 2303 3105 3735 4284 5116 5687 6325 7049 7711 82329639 331 1073 1743 2310 3125 3748 4300 5123 5695 6369 7058 7718 8235 9 Mil 9699 384 1081 1746 2356 3178 3752 4308 5168 5696 6448 7062 7725 8238 
9701 392 1084 1763 2381 3192 3756 4418 5195 5732 6456 7089 7733 8251 9002 9704 465 1085 1769 2400 3198 3805 4434 5196 5767 6475 7090 7741 8252 9073 9749 481 1092 1775 2409 3249 3819 4471 5199 5791 6489 7157 7748 8276 9119 9775 510 1103 1803 2432 3252 3860 4481 5255 5842 6548 7165 7749 8298 9130 9791 530 1131 1820 2458 3269 3863 4515 5281 5851 6574 7191 7760 8401 9157 9885 562 1155 1850 2462 3301 3871 4527 5304 5858 6595 7268 7768 8402 9158 9892 613 1167 1868 2497 3311 3885 4516 5337 5869 6601 7276 7776 8466 9172 9911 
