Núms. Pfs. Núms. Pfs. Núms. Pfs. Núms. "Pfs. Núms. Pfs.
608 60 12450 60 19414 60 24747 60 27133 60 616 60 12453 60 19459 60 24793 60 27165 -60 -620 60 12466 -60 -19483 -60 24807 60 27171 60 760 60 1247160 19834 60 24812 60 27175 60°
1517 60 12497 60 20258 60 24827-60 27301 100 -1623 60 12925 60 20276 60 24828 60 27317 60 1630- 60 12932 60 20956 60 24909 60 27319 60 2058 60 13192 60 -21428 60 24944-60 28186 60 2137 60 13260 60 21387 60 25073 60 28242 60 2363 60 13420 80 21649 60 25089 60 28253 60 3052 80 14285 60 21793 60 25115 60 28284 60 3982 60 14636 60 22269 60 25126 60 28292- 60 4632 60 14737 60. 22472 601- 25138 60 28299 -60 4649-00 14747 6.0 22532 80 25143 100 28314-606 5647 60 605 14962 60 22565 60 25152 1.60% 28317 60 5658 06 17963 60 22577 60 25168 80 28330 608636 50 16136 80. 23465 60 23215 60- 2915660DE 911760 17396 60 23479 60 25243 60 29160 60 9686 60 17425 60 23502 60 25246 60 29195 60a 9687 60 17435 60 23624 160 26071 60 29204 :80 10038 60 17523 60 23771 60 26125 60 29238 60 10073 60 18048 60 23787 60 26358 4000 29249 60 10089- 60- 18059 60 23804 60 26370 60 29293 60 10112 60 18371 60 2381460 2702660 29312 60 10878 68 18452 80 23831 60 27030 60 29338* 60 10945 80 18453 60 23837 86 27088 60 29992 600 -12083 60--18456 -60 124035 60 27090 14 60
El siguiente sorteo se ha de verificar el dia 21 de abril de 1858, siendo el número
Barcelona 14 de abril de 1858.—Francisco Bofill.
de billetes que á el corresponden el de 18,000, à 320 rs. n., divididos en octavos á 10 rs. cada ano."
Parte comercial.
MBARCACIONES LLEGADAS DESDE EL ANOCHECER DE AYER HASTA HOY AL MEDIO DIA. 1 6219 6015673 60 22963. 80. 25186 60 28641 460733660 15674 60 22974 60 25203 -60 28665 60$7987 60 15916 60 22992. 60 25205...60 28678-60
Mercantes españolas.
De Cullera en 3 d., laud Almas, de 18 t., p. Andrés Villagrasa, con 60 millares na” Fanjas 
