2500 50 » 46,25. .45,25 45,25 45,50 cup. c 1000 Todo.
500 33 33, 33,50 cup.n 32. 32,50 cup. n 1000 25 D 22, • 21,25 21,50 21,63 cup. n 500 25 9 500 25 19,25 19,736 cup.n 250 Todo.
69, 70, cup.n 500 50 >
40, 41, Cup.n 500 Todo.
475 Todo.
475 500 500 475 475 79,75 80,25 cup.n 179, 180, cup. c 26,75 27, eup. n 1000
Capital. Int.
112, 110,75 110,73 111, cup.n cup n 21.23 24,50 cup. I 250 500 6636 6 6%
475 3 »
500 D 475 3 co D 475 to 309 500 6 101, 101,25 cup. c 97, 97.25 id.
66,75 67,
id.
id.
61,25 61,50 id.
53,35 53,60 id.
78, 5 79,25 id.
500 3 45,90 46,10 id.
500 3 51,25 51,50 id.
500 44,23 49,50 juni 300 6 96,23 96,50 cup. c 
