Capital. Inte- OperaPtas. rés. ciones. Dinero. Papel. p. /
4%
Queda 61,32 1/2 61 35
O 61.371/2 61 421/2 73.75 74,
500 6
Desembo 91,15 91,35 500 40%
84 75 85,
2500 50 >
52,75 53. OT 125 Todo.
82. - 82,50 ου 250 Todo.
75 0 76 af cu 500 50 50 40 50 60 ou
DA 250 50 dd 475 Todo.
65.15 65 35 ou 861475 184. 186. CU 500 26. 26 25 C 500 475 118,50 117,75 117,75 118, ou 0475 801000 21.25 21.50 21'60 21,75001 100 150, 28 obsis
Capital. Int.
230 6%
100,50 101, 0.0 500 97, 97.25 500 0.
£75 B 69. 69,25 0.0 500 101.75 105.
175 61,75 62,
176 53,40 53.60 500 6 82 50 83.
500 3 47 40 47.60 500 3 49,75 50.
500 6 500 50. 50 50 100.25 100,50 0.0 
