10485
SÉRIE B.
13 121 à 30 3.325 33.241 á 50 7.037 70.631 á 70 868 119 1.181 90 3.450 34.491 500 7.636 76.361 60 750 7.491 500 3.451 34.501 10 7.951 79,501 10 884 8.831 40 3.603 36.021 30 8.325 83.241 50 919 9.181 80 3.873 38.721 30 8.541 85.401 10 1.180 11.791 800 3.918 39.171 80 8.721 87.201 10 1.474 14.731 40 4.587 45.861 70 8,852 88.511 20 1.599 15.981 90 4.647 46.461 70 8.968 89.671 80 1.833 18.321 30 4.753 47.521 30 9.150 91.491 500 1.954 19.531 40 4.960 49.591 600 9.241 92.401 10 2.160 21.591 600 4.970 49.691 700 9.331 93.301 10 2.174 21.731 40 5.289 52.881 90 9.614 96.131 40 2.182 21 811 20 5.332 53.311 20 9.795 97.941 50 2.326 23.251 60 5.944 59.431 40 10.005 100.041 50. 3,017 30.161 70 6.356 63.551 60 10.039 100.081 90
SÉRIE C.
68 671 á 80 2.564 25.631 á 40 6.226 62.251 á 60 377 3.761 70 3 094 30.931 40 6.570 65.691 700 600 5.991 6,000 3.514 35.131 40 7,018 70.171 80 650 6.491 500 3.586 35.851 60 7.192 71.911 20 727 7.261 70 3.736 37.351 60 7.208 72.071 80 981 9 801 10 3.763 37.621 30 7,283 72.831 30 1,024 10.231 40 3.930 39.291 300 7.615 76.141 50 1.227 12.261 70 4.129 41.281 90 8 354 83.531 40 1.323 12.221 30 4.193 41.921 30 8.552 85.511 20 1.802 18 011 20 4.571 45 701 10 8.590 85,891 900 2.111 21.101 10 4.682 46,811 20 8.619 86.181 90
COUNSÖNGU 2.198 21.971 80 4.794 47.931 40 8.922 89.211 20 2.299 22.981 90 5.125 51.241 50 9.035 90.341 50 2.314 23.131 40 6.042 60.411 20 9.446 9.4451 60 2.499 24.981 6.203 62.021 30 10.168 101.671 80 2 555 25.541 50
SERIE D.
226 2.251 á 60 1.590 15.891 á 900 2.183 21.821 a 30 566 5.651 60 1.768 17.671 80 2.430 24.291 300 1.076 10.751 60 1.788 17.871 80 2.431 24.301 10 1,346 13.451 60 2.180 21.791 800 2.595 25.941 50 1.384 13.831 4)
SÉRIE E.
272 2.711 á 20 1.113 11.121 á 30 1.372 13.711 á 20 628 6.271 80 1.154 11.531 40 2 181 21.801 10 2289 851 8.501 10 1.169 11.681 90 2.200 21.991 22.000 882 8.811 20
Madrid 1. de septiembre de 1892.-El vicesecretario, G. Miranda.-V. B.-El gober 
