77.50 77,75 id.
63.50 63,75 id.
9865 98.75 id.
63 50 63 75 jd fd.
96.25 96 75 126 127. cop a 15 6790 68. cup. 14 58,
82.90 83. Cup. D
Cup. n. a 33, 33 25 cup. p. 2 38. 38 25 31 75 32. cup. p.
26.75 27, oup. D. 2 12, cup.nói 19,75 20,
69 68.50 cup n. 1 11. 15, 716 50 117. oup. n. 16 199, 200 cup. n 1 39 50 39 85 vup. 0 6 115. 11525 oup 2 11 105 105 50 cup. 46 52.50 53, cup n. 1 19, 20.
cup. ole.
102 25 102 30 14. 102,25 102 50 id.
id.
65.50 65 75 10150 104 7% id 65 75 65.90 id 77.75 73. id 5285 53. id.
48 65 48 85 10 52 53 junio 73 102,65 102,75 cup. cole. 
