87,25 87,50 cup-n.
2500 50 500 250 0 37.73 38, cup.n. 2 500 25.»
26,25 26,50 cup. n. .
26,50 26,75 cup. n. 1 27,65 27,90 cup.n. 1
ORARARA 34. 34,50 cup. n.
1000 25 500 25 500 33 8-475 AAAAAAA 500 D 98, 99, 98,50 99, cup. n.
250 475 500 475 475 116,75 118,25 116, 116,25 cup. n. 16 cup. n. 9 •
cup. n. 8 48,75 49, cup. n.
125,75 125, 124.75 125, cup. n. 41 109. 109,25 cup. n.
1000 25 D 3.75 4.25 500 25 »
31,50 35,
Capital. Int.
250 6%
101,50 101,75 cup. cte.
250 6 >
250 6 »
101,50 101,75 id.
101,50 101,75 id.
10500 6 寫 id.
475 3 AAAAAAAA 500 6 D 475 3 500 6 >>
475 3 500 3 »
500 6 500 6 65,25 65,50 id.
105,
id.
64,40 61.50 1d.
86, 86,50 id.
52.75 53,
id.
53, 53,25 id.
49. 50, dicbre. 72 103,50 103,75 cup. n. 2 canjeado.
-500 25 14,75 15,
1000 25 500 5 D 500 500 30 » 
