Servicio particular del DIARIO DE BARCELONA
POR TELEFONO Y POR TELEGRAFO
Lotería.
Madrid, 1. de septiembre (16).-En el sorteo de la lotería verificado hoy har sall do agraciados los números siguientes:
Con el premio mayor, de 100.000 pesetas, el número 2.207, despachado en Palma-Tortosa.
Con el segundo premio, de 60.000 pesetas, el número 1.369, vendido en Valencia.
Con el tercer premio, de 26.000 pesetas, el número 21.720, expendido en Sevilla..
Y con 1.500 pesetas, los números 13.800. 24.942 (Barcelona), 26.186, 2.039 (Barcelona), 9.834, 32.354, 23.231, 18.396, 13.318, 852, 24.193, 14.363, 34.782, 33.391, 29.497, 29.000 (Barcelona), 11.036, 32.026 (Figueras), 13.976 y 3.009 (Barcelona).
PREMIADOS CON 300 PESETAS.
Decena 362 581 172 294 300 687 314 596 833 234 559 496 246 665 323 670 16 22 28 72
Centena 575 466 495 434 817 125 799 359 418 822 229 135 783 188 285 999 889 515 550 668 863 465 909 030 114 069 750 826 229 868 254 384 193 931 029 533 729 571 923
MII 148 546 997 460 004 584 428 775 699 014 242 822 436 823 190 830 452 426 199 824 439 130 701 226 167 204 123 061 332 668 103 080 179 315 409 388 969 102 907 052 269 417 783 421 819 456 897 699 517
Dos mil 507 291 570 609 622 427 985 317 809 185 476 596 356 970 440 431 350 386 972 433 502 785 832 712 487 187 766 551 127 201 929 839 854
Tres mil 094 735 926 236 440 641 218 013 783 594 759 387 421 079 023 801 612 286 264 841 812 855 530 054 776 237 244 846 225 686 563 525 514 307 535 054 459 835 850 548 428 068 884 855 487 522 260 492
Cuatro mil 374 067 495 549 908 845 037 902 890 083 212 863 567 396 656 277 897 810 690 158 375 813 696 836 709 
